7.38906
121.993
100.466
83.049
69.0363
57.8126
48.8551
41.7297
36.0817
31.626
28.1363
25.4358
23.3884
21.892
20.8724
20.2799
20.0855
75.6806
77.3019
73.1876
66.3272
58.5998
51.0917
44.3347
38.5404
34.094
31.6076
30.6804
29.5049
27.2771
25.1701
23.7926
23.5076
21.8311
67.3519
65.4558
62.0532
57.183
51.58
45.8666
40.4498
35.8473
33.1557
33.2019
34.3955
33.7083
30.8977
28.3047
26.7401
26.6545
23.7283
58.2165
56.2432
53.7999
50.2261
45.9696
41.4442
37.1369
34.0746
33.8452
36.5437
38.926
37.7683
34.2291
31.3392
29.7071
29.7224
25.7903
50.6933
49.2214
47.3848
44.6395
41.284
37.718
34.7255
33.8944
36.6787
41.4899
43.7789
41.4611
37.3009
34.3113
32.683
32.7143
28.0316
44.7646
43.5915
42.1636
40.013
37.4306
34.9819
33.9108
36.1296
41.9255
47.5319
48.3961
44.6718
40.1806
37.2471
35.6562
35.6349
30.4677
40.2252
39.0423
37.9571
36.4016
34.7785
33.9753
35.7391
41.5584
49.3256
53.7861
52.3025
47.4245
42.9473
40.1586
38.6159
38.4905
33.1155
37.3196
35.7883
35.1287
34.3919
34.2175
35.9253
41.5396
50.4403
57.7836
59.197
55.2828
49.8581
45.6639
43.0474
41.5525
41.2885
35.9933
36.8847
34.6841
34.6386
35.2121
37.1517
42.7818
52.3825
61.6179
65.4242
62.9979
57.467
52.1492
48.3621
45.9097
44.4581
44.0387
39.1213
40.4072
37.2413
38.3354
40.3592
46.4499
56.8751
67.0824
71.9922
70.4834
65.1544
59.2205
54.4292
51.046
48.7407
47.326
46.7532
42.5211
49.3813
46.0808
47.3299
55.0273
66.6356
76.414
80.2814
78.1523
72.5912
66.3245
60.9042
56.7483
53.7063
51.5357
50.1506
49.4476
46.2163
63.5986
62.8955
76.0917
86.8798
91.9059
91.0012
86.0881
79.5143
72.9776
67.3029
62.7016
59.096
56.3322
54.2906
52.928
52.1418
50.2327
7.38906
134.556
122.108
111.021
101.222
92.6291
85.1513
78.6971
73.1779
68.5107
64.6204
61.4411
58.9165
57.0005
55.6574
54.8617
54.5982
