1
1.49009
1.97545
2.45142
2.91342
3.35698
3.77785
4.17197
4.53553
4.86505
5.15735
5.40961
5.6194
5.7847
5.90393
5.97592
6
1
1.53093
2.05674
2.57238
3.07287
3.5534
4.00934
4.4363
4.83016
5.18714
5.50379
5.77707
6.00435
6.18343
6.31259
6.39058
6.41667
1
1.57177
2.13803
2.69333
3.23232
3.74981
4.24083
4.70063
5.12479
5.50923
5.85024
6.14454
6.3893
6.58215
6.72125
6.80524
6.83333
1
1.61261
2.21931
2.81428
3.39177
3.94623
4.47231
4.96496
5.41942
5.83132
6.19669
6.51201
6.77425
6.98088
7.12991
7.2199
7.25
1
1.65345
2.3006
2.93523
3.55122
4.14264
4.7038
5.22929
5.71405
6.1534
6.54313
6.87948
7.1592
7.3796
7.53857
7.63456
7.66667
1
1.69429
2.38189
3.05618
3.71067
4.33906
4.93529
5.49362
6.00867
6.47549
6.88958
7.24694
7.54415
7.77833
7.94723
8.04923
8.08333
1
1.73513
2.46318
3.17714
3.87013
4.53548
5.16678
5.75795
6.3033
6.79758
7.23602
7.61441
7.9291
8.17705
8.35589
8.46389
8.5
1
1.77597
2.54447
3.29809
4.02958
4.73189
5.39826
6.02228
6.59793
7.11967
7.58247
7.98188
8.31405
8.57578
8.76455
8.87855
8.91667
1
1.81681
2.62575
3.41904
4.18903
4.92831
5.62975
6.28661
6.89256
7.44175
7.92891
8.34934
8.699
8.9745
9.17321
9.29321
9.33333
1
1.85765
2.70704
3.53999
4.34848
5.12472
5.86124
6.55094
7.18718
7.76384
8.27536
8.71681
9.08395
9.37323
9.58187
9.70787
9.75
1
1.89849
2.78833
3.66094
4.50793
5.32114
6.09273
6.81527
7.48181
8.08593
8.6218
9.08428
9.4689
9.77195
9.99053
10.1225
10.1667
1
1.93933
2.86962
3.78189
4.66738
5.51755
6.32421
7.0796
7.77644
8.40802
8.96825
9.45175
9.85385
10.1707
10.3992
10.5372
10.5833
1
1.98017
2.9509
3.90285
4.82683
5.71397
6.5557
7.34393
8.07107
8.7301
9.3147
9.81921
10.2388
10.5694
10.8079
10.9518
11
