3
3.00963
3.03843
3.08612
3.15224
3.23616
3.33706
3.45398
3.58579
3.73121
3.88886
4.05721
4.23463
4.41943
4.60982
4.80397
5
3.08333
3.09256
3.12016
3.16586
3.22923
3.30965
3.40635
3.5184
3.64471
3.78408
3.93516
4.09649
4.26652
4.44362
4.62608
4.81213
5
3.16667
3.17549
3.20189
3.24561
3.30622
3.38314
3.47564
3.58281
3.70364
3.83695
3.98145
4.13577
4.29841
4.46781
4.64233
4.8203
5
3.25
3.25843
3.28363
3.32535
3.38321
3.45664
3.54493
3.64723
3.76256
3.88981
4.02775
4.17506
4.3303
4.492
4.65859
4.82847
5
3.33333
3.34136
3.36536
3.4051
3.4602
3.53013
3.61422
3.71165
3.82149
3.94268
4.07405
4.21434
4.36219
4.51619
4.67485
4.83664
5
3.41667
3.42429
3.44709
3.48484
3.53719
3.60362
3.68351
3.77607
3.88041
3.99554
4.12035
4.25362
4.39408
4.54038
4.69111
4.84481
5
3.5
3.50722
3.52882
3.56459
3.61418
3.67712
3.7528
3.84048
3.93934
4.04841
4.16664
4.2929
4.42597
4.56457
4.70736
4.85297
5
3.58333
3.59015
3.61055
3.64433
3.69117
3.75061
3.82208
3.9049
3.99827
4.10128
4.21294
4.33219
4.45787
4.58876
4.72362
4.86114
5
3.66667
3.67309
3.69229
3.72408
3.76816
3.8241
3.89137
3.96932
4.05719
4.15414
4.25924
4.37147
4.48976
4.61295
4.73988
4.86931
5
3.75
3.75602
3.77402
3.80382
3.84515
3.8976
3.96066
4.03374
4.11612
4.20701
4.30554
4.41075
4.52165
4.63714
4.75614
4.87748
5
3.83333
3.83895
3.85575
3.88357
3.92214
3.97109
4.02995
4.09815
4.17504
4.25987
4.35183
4.45004
4.55354
4.66133
4.77239
4.88565
5
3.91667
3.92188
3.93748
3.96331
3.99913
4.04459
4.09924
4.16257
4.23397
4.31274
4.39813
4.48932
4.58543
4.68552
4.78865
4.89381
5
4
4.00482
4.01921
4.04306
4.07612
4.11808
4.16853
4.22699
4.29289
4.36561
4.44443
4.5286
4.61732
4.70972
4.80491
4.90198
5
