iedge    q                   q*                   |q - q*|            ||q - q*||/||q*||
0        2.316406e+12        2.316406e+12        0.000000e+00        1.592928e-06
1        2.003906e+12        2.003906e+12        0.000000e+00
2        2.003906e+12        2.003906e+12        0.000000e+00
3        2.316406e+12        2.316406e+12        0.000000e+00
4        2.125000e+12        2.125000e+12        0.000000e+00
5        1.187500e+12        1.187500e+12        0.000000e+00
6        1.125000e+12        1.125000e+12        0.000000e+00
7        1.187500e+12        1.187500e+12        0.000000e+00
8        2.125000e+12        2.125000e+12        0.000000e+00
9        1.316406e+12        1.316406e+12        0.000000e+00
11       1.003906e+12        1.003906e+12        0.000000e+00
12       1.316406e+12        1.316406e+12        0.000000e+00
13       2.125000e+12        2.125000e+12        0.000000e+00
14       1.187500e+12        1.187500e+12        0.000000e+00
15       1.125000e+12        1.125000e+12        0.000000e+00
16       1.187500e+12        1.187500e+12        0.000000e+00
17       2.125000e+12        2.125000e+12        0.000000e+00
18       2.316406e+12        2.316406e+12        0.000000e+00
19       2.003906e+12        2.003906e+12        0.000000e+00
20       2.003906e+12        2.003906e+12        0.000000e+00
21       2.316406e+12        2.316406e+12        0.000000e+00
22       2.187500e+12        2.187500e+12        0.000000e+00
23       1.250000e+12        1.250000e+12        0.000000e+00
24       1.187500e+12        1.187500e+12        0.000000e+00
25       1.250000e+12        1.250000e+12        0.000000e+00
26       2.187500e+12        2.187500e+12        0.000000e+00
27       1.187500e+12        1.187500e+12        0.000000e+00
28       2.499952e+11        2.500000e+11        4.821365e+06
29       1.874968e+11        1.875000e+11        3.214320e+06
30       2.499952e+11        2.500000e+11        4.821365e+06
31       1.187500e+12        1.187500e+12        0.000000e+00
32       2.187500e+12        2.187500e+12        0.000000e+00
33       1.250000e+12        1.250000e+12        0.000000e+00
34       1.187500e+12        1.187500e+12        0.000000e+00
35       1.250000e+12        1.250000e+12        0.000000e+00
36       2.187500e+12        2.187500e+12        0.000000e+00
37       1.316406e+12        1.316406e+12        0.000000e+00
38       1.003906e+12        1.003906e+12        0.000000e+00
39       1.003906e+12        1.003906e+12        0.000000e+00
40       1.316406e+12        1.316406e+12        0.000000e+00
41       1.125000e+12        1.125000e+12        0.000000e+00
42       1.874952e+11        1.875000e+11        4.821365e+06
43       1.249968e+11        1.250000e+11        3.214320e+06
44       1.874952e+11        1.875000e+11        4.821365e+06
45       1.125000e+12        1.125000e+12        0.000000e+00
46       3.163973e+11        3.164062e+11        8.999946e+06
47       3.897250e+09        3.906250e+09        8.999946e+06
48       3.897250e+09        3.906250e+09        8.999946e+06
49       3.163973e+11        3.164062e+11        8.999946e+06
50       1.125000e+12        1.125000e+12        0.000000e+00
51       1.874952e+11        1.875000e+11        4.821365e+06
52       1.249968e+11        1.250000e+11        3.214320e+06
53       1.874952e+11        1.875000e+11        4.821365e+06
54       1.125000e+12        1.125000e+12        0.000000e+00
55       1.316406e+12        1.316406e+12        0.000000e+00
56       1.003906e+12        1.003906e+12        0.000000e+00
57       1.003906e+12        1.003906e+12        0.000000e+00
58       1.316406e+12        1.316406e+12        0.000000e+00
59       2.187500e+12        2.187500e+12        0.000000e+00
60       1.250000e+12        1.250000e+12        0.000000e+00
61       1.187500e+12        1.187500e+12        0.000000e+00
62       1.250000e+12        1.250000e+12        0.000000e+00
63       2.187500e+12        2.187500e+12        0.000000e+00
64       1.187500e+12        1.187500e+12        0.000000e+00
65       2.499952e+11        2.500000e+11        4.821365e+06
66       1.874968e+11        1.875000e+11        3.214320e+06
67       2.499952e+11        2.500000e+11        4.821365e+06
68       1.187500e+12        1.187500e+12        0.000000e+00
69       2.187500e+12        2.187500e+12        0.000000e+00
70       1.250000e+12        1.250000e+12        0.000000e+00
71       1.187500e+12        1.187500e+12        0.000000e+00
72       1.250000e+12        1.250000e+12        0.000000e+00
73       2.187500e+12        2.187500e+12        0.000000e+00
74       2.316406e+12        2.316406e+12        0.000000e+00
75       2.003906e+12        2.003906e+12        0.000000e+00
76       2.003906e+12        2.003906e+12        0.000000e+00
77       2.316406e+12        2.316406e+12        0.000000e+00
78       2.125000e+12        2.125000e+12        0.000000e+00
79       1.187500e+12        1.187500e+12        0.000000e+00
80       1.125000e+12        1.125000e+12        0.000000e+00
81       1.187500e+12        1.187500e+12        0.000000e+00
82       2.125000e+12        2.125000e+12        0.000000e+00
83       1.316406e+12        1.316406e+12        0.000000e+00
84       1.003906e+12        1.003906e+12        0.000000e+00
85       1.003906e+12        1.003906e+12        0.000000e+00
86       1.316406e+12        1.316406e+12        0.000000e+00
87       2.125000e+12        2.125000e+12        0.000000e+00
88       1.187500e+12        1.187500e+12        0.000000e+00
89       1.125000e+12        1.125000e+12        0.000000e+00
90       1.187500e+12        1.187500e+12        0.000000e+00
91       2.125000e+12        2.125000e+12        0.000000e+00
92       2.316406e+12        2.316406e+12        0.000000e+00
93       2.003906e+12        2.003906e+12        0.000000e+00
94       2.003906e+12        2.003906e+12        0.000000e+00
95       2.316406e+12        2.316406e+12        0.000000e+00
